%YAML:1.0
---
camera_Matrix: !!opencv-matrix
   rows: 3
   cols: 3
   dt: d
   data: [ 1.2130411112922998e+03, 0., 7.3334694080138706e+02, 0.,
       1.2122792117959752e+03, 4.2941503119987470e+02, 0., 0., 1. ]
dist_Coeffs: !!opencv-matrix
   rows: 1
   cols: 12
   dt: d
   data: [ 0., -1.0366758762030019e+00, -5.0956475597927842e-03,
       1.5293364557864212e-02, 3.9004331409233468e+00, 0., 0., 0., 0.,
       0., 0., 0. ]
