%YAML:1.0
---
image_points:
   - [ 6.4214239501953125e+02, 2.2504919433593750e+02 ]
   - [ 6.4631549072265625e+02, 2.6134252929687500e+02 ]
   - [ 6.5125488281250000e+02, 2.9765551757812500e+02 ]
   - [ 6.5540765380859375e+02, 3.3327041625976562e+02 ]
   - [ 6.5958001708984375e+02, 3.6855316162109375e+02 ]
   - [ 6.6419262695312500e+02, 4.0366345214843750e+02 ]
   - [ 6.6914904785156250e+02, 4.3860961914062500e+02 ]
   - [ 6.0894335937500000e+02, 2.2946037292480469e+02 ]
   - [ 6.1326916503906250e+02, 2.6631594848632812e+02 ]
   - [ 6.1837109375000000e+02, 3.0304803466796875e+02 ]
   - [ 6.2278161621093750e+02, 3.3917504882812500e+02 ]
   - [ 6.2697943115234375e+02, 3.7471722412109375e+02 ]
   - [ 6.3203820800781250e+02, 4.1011160278320312e+02 ]
   - [ 6.3703869628906250e+02, 4.4523580932617188e+02 ]
   - [ 5.7469049072265625e+02, 2.3423513793945312e+02 ]
   - [ 5.7967718505859375e+02, 2.7150143432617188e+02 ]
   - [ 5.8428735351562500e+02, 3.0844122314453125e+02 ]
   - [ 5.8928485107421875e+02, 3.4505801391601562e+02 ]
   - [ 5.9379730224609375e+02, 3.8088253784179688e+02 ]
   - [ 5.9900823974609375e+02, 4.1673843383789062e+02 ]
   - [ 6.0435833740234375e+02, 4.5234674072265625e+02 ]
   - [ 5.3936981201171875e+02, 2.3916984558105469e+02 ]
   - [ 5.4456939697265625e+02, 2.7681573486328125e+02 ]
   - [ 5.4964227294921875e+02, 3.1440350341796875e+02 ]
   - [ 5.5468206787109375e+02, 3.5118539428710938e+02 ]
   - [ 5.5971453857421875e+02, 3.8752160644531250e+02 ]
   - [ 5.6521520996093750e+02, 4.2384118652343750e+02 ]
   - [ 5.7060705566406250e+02, 4.5974108886718750e+02 ]
   - [ 5.0326928710937500e+02, 2.4424058532714844e+02 ]
   - [ 5.0884823608398438e+02, 2.8229852294921875e+02 ]
   - [ 5.1461437988281250e+02, 3.2036071777343750e+02 ]
   - [ 5.1988940429687500e+02, 3.5752270507812500e+02 ]
   - [ 5.2530139160156250e+02, 3.9446105957031250e+02 ]
   - [ 5.3049963378906250e+02, 4.3084695434570312e+02 ]
   - [ 5.3638623046875000e+02, 4.6716748046875000e+02 ]
   - [ 4.6633325195312500e+02, 2.4958920288085938e+02 ]
   - [ 4.7222729492187500e+02, 2.8778787231445312e+02 ]
   - [ 4.7824536132812500e+02, 3.2630618286132812e+02 ]
   - [ 4.8377026367187500e+02, 3.6394754028320312e+02 ]
   - [ 4.8950930786132812e+02, 4.0118093872070312e+02 ]
   - [ 4.9498703002929688e+02, 4.3778186035156250e+02 ]
   - [ 5.0136288452148438e+02, 4.7470422363281250e+02 ]
   - [ 4.2866000366210938e+02, 2.5507157897949219e+02 ]
   - [ 4.3482385253906250e+02, 2.9384536743164062e+02 ]
   - [ 4.4097488403320312e+02, 3.3246701049804688e+02 ]
   - [ 4.4704742431640625e+02, 3.7041635131835938e+02 ]
   - [ 4.5324972534179688e+02, 4.0800988769531250e+02 ]
   - [ 4.5920819091796875e+02, 4.4522033691406250e+02 ]
   - [ 4.6554104614257812e+02, 4.8222937011718750e+02 ]
objectPoints:
   - [ 0., 0., 0. ]
   - [ 0., 2., 0. ]
   - [ 0., 4., 0. ]
   - [ 0., 6., 0. ]
   - [ 0., 8., 0. ]
   - [ 0., 10., 0. ]
   - [ 0., 12., 0. ]
   - [ 2., 0., 0. ]
   - [ 2., 2., 0. ]
   - [ 2., 4., 0. ]
   - [ 2., 6., 0. ]
   - [ 2., 8., 0. ]
   - [ 2., 10., 0. ]
   - [ 2., 12., 0. ]
   - [ 4., 0., 0. ]
   - [ 4., 2., 0. ]
   - [ 4., 4., 0. ]
   - [ 4., 6., 0. ]
   - [ 4., 8., 0. ]
   - [ 4., 10., 0. ]
   - [ 4., 12., 0. ]
   - [ 6., 0., 0. ]
   - [ 6., 2., 0. ]
   - [ 6., 4., 0. ]
   - [ 6., 6., 0. ]
   - [ 6., 8., 0. ]
   - [ 6., 10., 0. ]
   - [ 6., 12., 0. ]
   - [ 8., 0., 0. ]
   - [ 8., 2., 0. ]
   - [ 8., 4., 0. ]
   - [ 8., 6., 0. ]
   - [ 8., 8., 0. ]
   - [ 8., 10., 0. ]
   - [ 8., 12., 0. ]
   - [ 10., 0., 0. ]
   - [ 10., 2., 0. ]
   - [ 10., 4., 0. ]
   - [ 10., 6., 0. ]
   - [ 10., 8., 0. ]
   - [ 10., 10., 0. ]
   - [ 10., 12., 0. ]
   - [ 12., 0., 0. ]
   - [ 12., 2., 0. ]
   - [ 12., 4., 0. ]
   - [ 12., 6., 0. ]
   - [ 12., 8., 0. ]
   - [ 12., 10., 0. ]
   - [ 12., 12., 0. ]
