%YAML:1.0
---
image_points:
   - [ 614., 950. ]
   - [ 562., 949. ]
   - [ 616., 880. ]
   - [ 433., 831. ]
   - [ 543., 882. ]
   - [ 530., 887. ]
   - [ 512., 684. ]
   - [ 543., 677. ]
   - [ 543., 639. ]
   - [ 509., 653. ]
   - [ 478., 648. ]
   - [ 512., 635. ]
   - [ 720., 654. ]
   - [ 560., 486. ]
   - [ 680., 490. ]
   - [ 555., 511. ]
   - [ 681., 518. ]
   - [ 551., 537. ]
   - [ 680., 543. ]
   - [ 528., 487. ]
   - [ 522., 563. ]
   - [ 504., 472. ]
   - [ 497., 490. ]
   - [ 490., 511. ]
   - [ 483., 531. ]
   - [ 478., 554. ]
objectPoints:
   []
