%YAML:1.0
---
image_points:
   - [ 446., 949. ]
   - [ 396., 949. ]
   - [ 437., 879. ]
   - [ 276., 830. ]
   - [ 378., 879. ]
   - [ 363., 886. ]
   - [ 339., 683. ]
   - [ 373., 674. ]
   - [ 375., 638. ]
   - [ 333., 651. ]
   - [ 309., 645. ]
   - [ 346., 633. ]
   - [ 555., 654. ]
   - [ 395., 485. ]
   - [ 518., 490. ]
   - [ 391., 511. ]
   - [ 520., 517. ]
   - [ 387., 538. ]
   - [ 521., 542. ]
   - [ 371., 488. ]
   - [ 365., 559. ]
   - [ 344., 471. ]
   - [ 338., 490. ]
   - [ 330., 508. ]
   - [ 326., 529. ]
   - [ 321., 552. ]
objectPoints:
   []
